08201
07710
07820
07401
07709
07711
08501
08720
08001
07620
07821
08801
08802
07712
08004
08400
08401
08404
08405
07716
08106
07822
08202
07001
07717
08803
08005
08006
08007
07920
07002
08721
08008
08722
07921
07718
08502
07109
08031
08099
07715
07719
07823
07621
07922
08009
07924
08010
08011
08012
07825
08504
07003
07403
08804
07603
07005
08505
08805
07720
07826
07890
08723
08724
08014
08302
08807
08730
08203
08808
07926
08015
07828
08310
08016
07405
07829
07006
07007
07830
08100
08101
08102
08103
08104
08105
08204
08210
08212
07072
07008
08018
07009
07927
08311
07831
07928
08019
08002
08003
08034
07930
07066
08020
08510
08312
08021
07010
07721
07011
07012
07013
07014
07015
08809
07624
08108
08213
07067
07722
07832
08022
08511
08512
08570
07016
08514
07626
08515
08810
07723
08023
08313
07833
08314
07627
08214
07834
08315
08316
08317
07801
07802
07628
08812
08816
07936
07017
07018
07019
07073
07724
07799
07020
08817
08818
08820
08837
08899
08215
08234
07201
07202
07206
07207
07208
08318
07407
08217
07630
07631
07632
07726
07021
08319
08025
07704
07410
07004
08320
07022
07023
07931
07727
08821
07836
08822
08518
07932
08863
08731
07024
07703
08321
07416
07417
08823
08322
07728
08825
07026
07027
08026
08027
07933
07934
08028
07837
08826
07028
07452
08029
07418
08030
08218
07838
08219
07935
07839
08323
08032
07601
07602
07840
08035
08033
08036
07508
07538
07419
08037
08827
08038
07640
07029
08039
07604
07420
07641
07506
07507
07730
08324
08828
07421
07842
08829
07422
08904
07732
08520
07642
07205
07423
07030
07733
07777
07843
07844
08525
07731
08526
07845
07111
08830
08732
08527
07097
07302
07303
07304
07305
07306
07307
07308
07309
07310
07311
07399
08041
07846
08042
07734
07032
07099
08832
08824
07033
07847
07735
08528
07848
07034
07849
08733
08701
08530
07850
08326
08734
08735
08045
07851
08833
07852
08220
08327
07737
07605
07938
07035
07738
07036
08221
07424
07643
07739
08834
07039
07644
07740
07853
08403
08048
07071
07939
07940
08049
07430
07495
07498
08328
08050
08736
08738
08051
08835
08052
07040
08402
07746
08053
08223
08836
07747
08329
08330
07607
07428
08055
07945
08109
08840
08056
08846
07748
07855
07432
08848
07041
07946
08850
08332
08340
07803
08341
08342
07750
08852
08831
08343
07827
07042
07043
07645
07045
07074
08057
07751
07950
07960
07961
07962
07963
07856
08059
07970
08060
08054
08061
07878
07046
07092
08062
08063
07752
07753
07754
08853
07857
08901
08903
08905
08906
08922
08933
08988
08989
08533
08224
08064
07646
07974
07976
07101
07102
07103
07104
07105
07106
07107
07108
07112
07114
07175
07182
07184
07188
07189
07191
07192
07193
07194
07195
07197
07198
07199
08344
07435
08345
07860
08346
08347
08739
07031
07047
08902
08225
07647
07648
07110
07438
07755
07436
08107
08226
08740
07756
08230
07757
08231
07439
08857
08858
07649
07050
07051
07863
07650
08065
07652
07653
07656
08859
07054
07055
07501
07502
07503
07504
07505
07509
07510
07513
07514
07522
07524
07530
07533
07543
07544
08066
07977
08067
08068
08534
08069
08110
08070
07440
08535
08861
08862
08865
07806
08741
07058
08854
08855
08071
08867
07060
07061
07062
07063
08536
08232
07978
08742
08240
07442
07444
08348
07758
07865
08349
07064
08241
07979
08540
08541
08542
08543
08544
08550
08868
08072
07065
07446
08073
07869
08869
08896
08870
07701
08350
08074
07657
07660
07450
07451
08551
07456
08242
07661
07457
08075
08370
08076
08077
07662
07866
08553
08554
08555
07068
07203
07204
08556
08352
07760
08078
07070
07663
07458
08079
08871
08872
07870
07076
08750
08243
08751
08752
07094
07096
08557
07077
08080
08353
07078
07702
08081
08558
08083
08244
08873
08875
08876
08878
08879
08880
08245
07606
07079
07080
08877
08882
08246
07871
08884
07762
07081
07874
08885
08886
07875
07980
07460
08559
08247
08084
08248
07876
07901
07902
07461
07877
08085
07666
07670
07763
07608
08086
08887
08560
08753
08754
08755
08756
08757
07511
07512
07082
07676
07879
08601
08602
08603
08604
08605
08606
08607
08608
08609
08610
08611
08618
08619
08620
08625
08628
08629
08638
08640
08641
08645
08646
08647
08648
08650
08666
08677
08690
08691
08695
08250
08087
07083
07087
07088
08406
07462
07044
07880
08251
08088
08360
08361
08362
08043
07463
07057
07881
07465
08758
07059
07882
07069
08089
07470
07474
07477
08090
08060
08091
08092
07764
07480
07093
07052
07090
07091
08093
07675
07885
07981
07983
07999
08888
08889
08252
08759
07765
08260
08094
08046
08561
08095
07075
08270
07095
08096
08097
07677
08098
08562
07481
08890